%YAML:1.0
---
cameraMatrix: !!opencv-matrix
   rows: 3
   cols: 3
   dt: d
   data: [ 3.6023804263914411e+02, 0., 2.5613836214576901e+02, 0.,
       3.6000247376091636e+02, 2.0355506843256933e+02, 0., 0., 1. ]
distortionCoefficients: !!opencv-matrix
   rows: 1
   cols: 5
   dt: d
   data: [ 1.0279699483934233e-01, -3.0431660514327252e-01,
       -6.1718738029002630e-04, -1.1998105610931101e-03,
       1.2503255306251895e-01 ]
rotation: !!opencv-matrix
   rows: 3
   cols: 3
   dt: d
   data: [ 1., 0., 0., 0., 1., 0., 0., 0., 1. ]
projection: !!opencv-matrix
   rows: 4
   cols: 4
   dt: d
   data: [ 3.6023804263914411e+02, 0., 2.5613836214576901e+02, 0., 0.,
       3.6000247376091636e+02, 2.0355506843256933e+02, 0., 0., 0., 1.,
       0., 0., 0., 0., 1. ]
