%YAML:1.0
---
rotation: !!opencv-matrix
   rows: 3
   cols: 3
   dt: d
   data: [ 9.9994853426599783e-01, 3.6043098910321669e-03,
       -9.4835525775962826e-03, -3.5765196450715975e-03,
       9.9998926564554835e-01, 2.9456919230216377e-03,
       9.4940679643155251e-03, -2.9116222087258630e-03,
       9.9995069134912984e-01 ]
translation: !!opencv-matrix
   rows: 3
   cols: 1
   dt: d
   data: [ -5.0174684832183916e-02, -4.5254081067444144e-03,
       -1.6990613040595128e-03 ]
essential: !!opencv-matrix
   rows: 3
   cols: 3
   dt: d
   data: [ -4.9041258263845728e-05, 1.7122193444803850e-03,
       -4.5201800538159469e-03, -1.2226119927375193e-03,
       -1.5221367013689910e-04, 5.0188323923376618e-02,
       4.7046259492821230e-03, -5.0157835266132329e-02,
       -1.9071610956571155e-04 ]
fundamental: !!opencv-matrix
   rows: 3
   cols: 3
   dt: d
   data: [ -3.5633274218894754e-08, 1.2398468293759519e-06,
       -1.4285053409561824e-03, -8.8680318549600633e-07,
       -1.1002889754472115e-07, 1.3273879614830227e-02,
       4.0494330875694221e-03, -3.8573974146169691e-02, 1. ]
