%YAML:1.0
---
cameraMatrix: !!opencv-matrix
   rows: 3
   cols: 3
   dt: d
   data: [ 3.5788431768251644e+02, 0., 2.5083400739448120e+02, 0.,
       3.5911054446983087e+02, 2.1133647648458563e+02, 0., 0., 1. ]
distortionCoefficients: !!opencv-matrix
   rows: 1
   cols: 5
   dt: d
   data: [ 6.9149886365338101e-02, -2.3656107299642329e-01,
       9.0765044990496722e-03, -1.2239204774392306e-03,
       1.7024483528504747e-01 ]
rotation: !!opencv-matrix
   rows: 3
   cols: 3
   dt: d
   data: [ 1., 0., 0., 0., 1., 0., 0., 0., 1. ]
projection: !!opencv-matrix
   rows: 4
   cols: 4
   dt: d
   data: [ 3.5788431768251644e+02, 0., 2.5083400739448120e+02, 0., 0.,
       3.5911054446983087e+02, 2.1133647648458563e+02, 0., 0., 0., 1.,
       0., 0., 0., 0., 1. ]
