%YAML:1.0
---
depthShift: -2.9698842056083702e+01
