%YAML:1.0
---
depthShift: -2.1168385175984916e+01