%YAML:1.0
---
cameraMatrix: !!opencv-matrix
   rows: 3
   cols: 3
   dt: d
   data: [ 1.0317076246395870e+03, 0., 9.3795451938605470e+02, 0.,
       1.0335040259096636e+03, 5.5170193183124445e+02, 0., 0., 1. ]
distortionCoefficients: !!opencv-matrix
   rows: 1
   cols: 5
   dt: d
   data: [ 3.2428655432493979e-02, -5.2343691118567529e-02,
       7.0896390025887981e-03, -4.7892266444952714e-04,
       1.0078249422015247e-02 ]
rotation: !!opencv-matrix
   rows: 3
   cols: 3
   dt: d
   data: [ 1., 0., 0., 0., 1., 0., 0., 0., 1. ]
projection: !!opencv-matrix
   rows: 4
   cols: 4
   dt: d
   data: [ 1.0317076246395870e+03, 0., 9.3795451938605470e+02, 0., 0.,
       1.0335040259096636e+03, 5.5170193183124445e+02, 0., 0., 0., 1.,
       0., 0., 0., 0., 1. ]