%YAML:1.0
---
rotation: !!opencv-matrix
   rows: 3
   cols: 3
   dt: d
   data: [ 9.9998290988225824e-01, -5.5848425207195435e-03,
       1.7290105349568932e-03, 5.5805282056826666e-03,
       9.9998132837954479e-01, 2.4900998426955904e-03,
       -1.7428850670107735e-03, -2.4804084945378203e-03,
       9.9999540495211447e-01 ]
translation: !!opencv-matrix
   rows: 3
   cols: 1
   dt: d
   data: [ -5.0901510451000678e-02, 1.8653831105359289e-04,
       3.2514369635949147e-03 ]
essential: !!opencv-matrix
   rows: 3
   cols: 3
   dt: d
   data: [ -1.8469850521101344e-05, -3.2518389452092906e-03,
       1.7844105122953878e-04, 3.1626659137010348e-03,
       -1.4441530231519185e-04, 5.0906898324886513e-02,
       -4.7059243787555400e-04, -5.0899518250225623e-02,
       -1.2707236987198945e-04 ]
fundamental: !!opencv-matrix
   rows: 3
   cols: 3
   dt: d
   data: [ -1.2303307115327754e-08, -2.1675623636344439e-06,
       4.8718927644277282e-04, 2.1054386281852632e-06,
       -9.6202547288646398e-08, 1.1688606983410434e-02,
       -1.3664535937590368e-03, -3.3449441371320124e-02, 1. ]