%YAML:1.0
---
cameraMatrix: !!opencv-matrix
   rows: 3
   cols: 3
   dt: d
   data: [ 1.0479106515723674e+03, 0., 9.4850616202827086e+02, 0.,
       1.0485604443142129e+03, 4.9853230557047198e+02, 0., 0., 1. ]
distortionCoefficients: !!opencv-matrix
   rows: 1
   cols: 5
   dt: d
   data: [ 4.6633937437706892e-02, -6.6417492527955035e-02,
       -1.6813899611684696e-03, -3.0650604731081860e-05,
       1.9500465891282178e-02 ]
rotation: !!opencv-matrix
   rows: 3
   cols: 3
   dt: d
   data: [ 1., 0., 0., 0., 1., 0., 0., 0., 1. ]
projection: !!opencv-matrix
   rows: 4
   cols: 4
   dt: d
   data: [ 1.0479106515723674e+03, 0., 9.4850616202827086e+02, 0., 0.,
       1.0485604443142129e+03, 4.9853230557047198e+02, 0., 0., 0., 1.,
       0., 0., 0., 0., 1. ]